2022/05/23-03:27:48.261805 7f0dbeb7d380 RocksDB version: 6.15.2
2022/05/23-03:27:48.262137 7f0dbeb7d380 Git sha rocksdb_build_git_sha:@0@
2022/05/23-03:27:48.262144 7f0dbeb7d380 Compile date Apr  2 2022
2022/05/23-03:27:48.262413 7f0dbeb7d380 DB SUMMARY
2022/05/23-03:27:48.262419 7f0dbeb7d380 DB Session ID:  TGGXNJOF6YQLZ0KI2IPK
2022/05/23-03:27:48.263007 7f0dbeb7d380 CURRENT file:  CURRENT
2022/05/23-03:27:48.263011 7f0dbeb7d380 IDENTITY file:  IDENTITY
2022/05/23-03:27:48.263190 7f0dbeb7d380 MANIFEST file:  MANIFEST-000067 size: 388 Bytes
2022/05/23-03:27:48.263199 7f0dbeb7d380 SST files in /var/lib/milvus/rdb_data_meta_kv dir, Total Num: 3, files: 000057.sst 000060.sst 000066.sst 
2022/05/23-03:27:48.263202 7f0dbeb7d380 Write Ahead Log file in /var/lib/milvus/rdb_data_meta_kv: 000068.log size: 51697994 ; 
2022/05/23-03:27:48.263207 7f0dbeb7d380                         Options.error_if_exists: 0
2022/05/23-03:27:48.263215 7f0dbeb7d380                       Options.create_if_missing: 1
2022/05/23-03:27:48.263218 7f0dbeb7d380                         Options.paranoid_checks: 1
2022/05/23-03:27:48.263220 7f0dbeb7d380                               Options.track_and_verify_wals_in_manifest: 0
2022/05/23-03:27:48.263222 7f0dbeb7d380                                     Options.env: 0x480f820
2022/05/23-03:27:48.263225 7f0dbeb7d380                                      Options.fs: Posix File System
2022/05/23-03:27:48.263228 7f0dbeb7d380                                Options.info_log: 0x4fa2e00
2022/05/23-03:27:48.263230 7f0dbeb7d380                Options.max_file_opening_threads: 16
2022/05/23-03:27:48.263232 7f0dbeb7d380                              Options.statistics: (nil)
2022/05/23-03:27:48.263235 7f0dbeb7d380                               Options.use_fsync: 0
2022/05/23-03:27:48.263237 7f0dbeb7d380                       Options.max_log_file_size: 0
2022/05/23-03:27:48.263240 7f0dbeb7d380                  Options.max_manifest_file_size: 1073741824
2022/05/23-03:27:48.263242 7f0dbeb7d380                   Options.log_file_time_to_roll: 0
2022/05/23-03:27:48.263245 7f0dbeb7d380                       Options.keep_log_file_num: 1000
2022/05/23-03:27:48.263247 7f0dbeb7d380                    Options.recycle_log_file_num: 0
2022/05/23-03:27:48.263249 7f0dbeb7d380                         Options.allow_fallocate: 1
2022/05/23-03:27:48.263252 7f0dbeb7d380                        Options.allow_mmap_reads: 0
2022/05/23-03:27:48.263254 7f0dbeb7d380                       Options.allow_mmap_writes: 0
2022/05/23-03:27:48.263257 7f0dbeb7d380                        Options.use_direct_reads: 0
2022/05/23-03:27:48.263259 7f0dbeb7d380                        Options.use_direct_io_for_flush_and_compaction: 0
2022/05/23-03:27:48.263261 7f0dbeb7d380          Options.create_missing_column_families: 0
2022/05/23-03:27:48.263264 7f0dbeb7d380                              Options.db_log_dir: 
2022/05/23-03:27:48.263266 7f0dbeb7d380                                 Options.wal_dir: /var/lib/milvus/rdb_data_meta_kv
2022/05/23-03:27:48.263268 7f0dbeb7d380                Options.table_cache_numshardbits: 6
2022/05/23-03:27:48.263270 7f0dbeb7d380                         Options.WAL_ttl_seconds: 0
2022/05/23-03:27:48.263273 7f0dbeb7d380                       Options.WAL_size_limit_MB: 0
2022/05/23-03:27:48.263275 7f0dbeb7d380                        Options.max_write_batch_group_size_bytes: 1048576
2022/05/23-03:27:48.263277 7f0dbeb7d380             Options.manifest_preallocation_size: 4194304
2022/05/23-03:27:48.263279 7f0dbeb7d380                     Options.is_fd_close_on_exec: 1
2022/05/23-03:27:48.263282 7f0dbeb7d380                   Options.advise_random_on_open: 1
2022/05/23-03:27:48.263284 7f0dbeb7d380                    Options.db_write_buffer_size: 0
2022/05/23-03:27:48.263287 7f0dbeb7d380                    Options.write_buffer_manager: 0x4fab7e0
2022/05/23-03:27:48.263289 7f0dbeb7d380         Options.access_hint_on_compaction_start: 1
2022/05/23-03:27:48.263291 7f0dbeb7d380  Options.new_table_reader_for_compaction_inputs: 0
2022/05/23-03:27:48.263294 7f0dbeb7d380           Options.random_access_max_buffer_size: 1048576
2022/05/23-03:27:48.263535 7f0dbeb7d380                      Options.use_adaptive_mutex: 0
2022/05/23-03:27:48.263540 7f0dbeb7d380                            Options.rate_limiter: (nil)
2022/05/23-03:27:48.263555 7f0dbeb7d380     Options.sst_file_manager.rate_bytes_per_sec: 0
2022/05/23-03:27:48.263557 7f0dbeb7d380                       Options.wal_recovery_mode: 2
2022/05/23-03:27:48.263559 7f0dbeb7d380                  Options.enable_thread_tracking: 0
2022/05/23-03:27:48.263719 7f0dbeb7d380                  Options.enable_pipelined_write: 0
2022/05/23-03:27:48.263723 7f0dbeb7d380                  Options.unordered_write: 0
2022/05/23-03:27:48.263725 7f0dbeb7d380         Options.allow_concurrent_memtable_write: 1
2022/05/23-03:27:48.263728 7f0dbeb7d380      Options.enable_write_thread_adaptive_yield: 1
2022/05/23-03:27:48.263730 7f0dbeb7d380             Options.write_thread_max_yield_usec: 100
2022/05/23-03:27:48.263732 7f0dbeb7d380            Options.write_thread_slow_yield_usec: 3
2022/05/23-03:27:48.263735 7f0dbeb7d380                               Options.row_cache: None
2022/05/23-03:27:48.263737 7f0dbeb7d380                              Options.wal_filter: None
2022/05/23-03:27:48.263739 7f0dbeb7d380             Options.avoid_flush_during_recovery: 0
2022/05/23-03:27:48.263741 7f0dbeb7d380             Options.allow_ingest_behind: 0
2022/05/23-03:27:48.263743 7f0dbeb7d380             Options.preserve_deletes: 0
2022/05/23-03:27:48.263746 7f0dbeb7d380             Options.two_write_queues: 0
2022/05/23-03:27:48.263748 7f0dbeb7d380             Options.manual_wal_flush: 0
2022/05/23-03:27:48.263750 7f0dbeb7d380             Options.atomic_flush: 0
2022/05/23-03:27:48.263758 7f0dbeb7d380             Options.avoid_unnecessary_blocking_io: 0
2022/05/23-03:27:48.263760 7f0dbeb7d380                 Options.persist_stats_to_disk: 0
2022/05/23-03:27:48.263762 7f0dbeb7d380                 Options.write_dbid_to_manifest: 0
2022/05/23-03:27:48.263764 7f0dbeb7d380                 Options.log_readahead_size: 0
2022/05/23-03:27:48.263767 7f0dbeb7d380                 Options.file_checksum_gen_factory: Unknown
2022/05/23-03:27:48.263769 7f0dbeb7d380                 Options.best_efforts_recovery: 0
2022/05/23-03:27:48.263771 7f0dbeb7d380                Options.max_bgerror_resume_count: 2147483647
2022/05/23-03:27:48.263774 7f0dbeb7d380            Options.bgerror_resume_retry_interval: 1000000
2022/05/23-03:27:48.263776 7f0dbeb7d380             Options.allow_data_in_errors: 0
2022/05/23-03:27:48.263779 7f0dbeb7d380             Options.db_host_id: __hostname__
2022/05/23-03:27:48.263781 7f0dbeb7d380             Options.max_background_jobs: 1
2022/05/23-03:27:48.263783 7f0dbeb7d380             Options.max_background_compactions: -1
2022/05/23-03:27:48.263786 7f0dbeb7d380             Options.max_subcompactions: 1
2022/05/23-03:27:48.263788 7f0dbeb7d380             Options.avoid_flush_during_shutdown: 0
2022/05/23-03:27:48.263791 7f0dbeb7d380           Options.writable_file_max_buffer_size: 1048576
2022/05/23-03:27:48.263793 7f0dbeb7d380             Options.delayed_write_rate : 16777216
2022/05/23-03:27:48.263795 7f0dbeb7d380             Options.max_total_wal_size: 0
2022/05/23-03:27:48.263797 7f0dbeb7d380             Options.delete_obsolete_files_period_micros: 21600000000
2022/05/23-03:27:48.263799 7f0dbeb7d380                   Options.stats_dump_period_sec: 600
2022/05/23-03:27:48.263801 7f0dbeb7d380                 Options.stats_persist_period_sec: 600
2022/05/23-03:27:48.263803 7f0dbeb7d380                 Options.stats_history_buffer_size: 1048576
2022/05/23-03:27:48.263805 7f0dbeb7d380                          Options.max_open_files: -1
2022/05/23-03:27:48.263807 7f0dbeb7d380                          Options.bytes_per_sync: 0
2022/05/23-03:27:48.263827 7f0dbeb7d380                      Options.wal_bytes_per_sync: 0
2022/05/23-03:27:48.263830 7f0dbeb7d380                   Options.strict_bytes_per_sync: 0
2022/05/23-03:27:48.263832 7f0dbeb7d380       Options.compaction_readahead_size: 0
2022/05/23-03:27:48.263834 7f0dbeb7d380                  Options.max_background_flushes: 1
2022/05/23-03:27:48.264034 7f0dbeb7d380 Compression algorithms supported:
2022/05/23-03:27:48.264039 7f0dbeb7d380 	kZSTDNotFinalCompression supported: 0
2022/05/23-03:27:48.264043 7f0dbeb7d380 	kZSTD supported: 0
2022/05/23-03:27:48.264045 7f0dbeb7d380 	kXpressCompression supported: 0
2022/05/23-03:27:48.264048 7f0dbeb7d380 	kLZ4HCCompression supported: 0
2022/05/23-03:27:48.264051 7f0dbeb7d380 	kLZ4Compression supported: 0
2022/05/23-03:27:48.264053 7f0dbeb7d380 	kBZip2Compression supported: 0
2022/05/23-03:27:48.264252 7f0dbeb7d380 	kZlibCompression supported: 0
2022/05/23-03:27:48.264255 7f0dbeb7d380 	kSnappyCompression supported: 0
2022/05/23-03:27:48.264260 7f0dbeb7d380 Fast CRC32 supported: Supported on x86
2022/05/23-03:27:48.266686 7f0dbeb7d380 [db/version_set.cc:4725] Recovering from manifest file: /var/lib/milvus/rdb_data_meta_kv/MANIFEST-000067
2022/05/23-03:27:48.267603 7f0dbeb7d380 [db/column_family.cc:597] --------------- Options for column family [default]:
2022/05/23-03:27:48.267610 7f0dbeb7d380               Options.comparator: leveldb.BytewiseComparator
2022/05/23-03:27:48.267614 7f0dbeb7d380           Options.merge_operator: None
2022/05/23-03:27:48.267616 7f0dbeb7d380        Options.compaction_filter: None
2022/05/23-03:27:48.267618 7f0dbeb7d380        Options.compaction_filter_factory: None
2022/05/23-03:27:48.267620 7f0dbeb7d380  Options.sst_partitioner_factory: None
2022/05/23-03:27:48.267623 7f0dbeb7d380         Options.memtable_factory: SkipListFactory
2022/05/23-03:27:48.267626 7f0dbeb7d380            Options.table_factory: BlockBasedTable
2022/05/23-03:27:48.268142 7f0dbeb7d380            table_factory options:   flush_block_policy_factory: FlushBlockBySizePolicyFactory (0x4fac590)
  cache_index_and_filter_blocks: 0
  cache_index_and_filter_blocks_with_high_priority: 1
  pin_l0_filter_and_index_blocks_in_cache: 0
  pin_top_level_index_and_filter: 1
  index_type: 0
  data_block_index_type: 0
  index_shortening: 1
  data_block_hash_table_util_ratio: 0.750000
  hash_index_allow_collision: 1
  checksum: 1
  no_block_cache: 0
  block_cache: 0x4fa30c0
  block_cache_name: LRUCache
  block_cache_options:
    capacity : 1073741824
    num_shard_bits : 6
    strict_capacity_limit : 0
    memory_allocator : None
    high_pri_pool_ratio: 0.500
  block_cache_compressed: (nil)
  persistent_cache: (nil)
  block_size: 4096
  block_size_deviation: 10
  block_restart_interval: 16
  index_block_restart_interval: 1
  metadata_block_size: 4096
  partition_filters: 0
  use_delta_encoding: 1
  filter_policy: nullptr
  whole_key_filtering: 1
  verify_compression: 0
  read_amp_bytes_per_bit: 0
  format_version: 4
  enable_index_compression: 1
  block_align: 0
2022/05/23-03:27:48.268155 7f0dbeb7d380        Options.write_buffer_size: 67108864
2022/05/23-03:27:48.268158 7f0dbeb7d380  Options.max_write_buffer_number: 2
2022/05/23-03:27:48.268161 7f0dbeb7d380          Options.compression: NoCompression
2022/05/23-03:27:48.268163 7f0dbeb7d380                  Options.bottommost_compression: Disabled
2022/05/23-03:27:48.268166 7f0dbeb7d380       Options.prefix_extractor: nullptr
2022/05/23-03:27:48.268168 7f0dbeb7d380   Options.memtable_insert_with_hint_prefix_extractor: nullptr
2022/05/23-03:27:48.268170 7f0dbeb7d380             Options.num_levels: 7
2022/05/23-03:27:48.268173 7f0dbeb7d380        Options.min_write_buffer_number_to_merge: 1
2022/05/23-03:27:48.268175 7f0dbeb7d380     Options.max_write_buffer_number_to_maintain: 0
2022/05/23-03:27:48.268177 7f0dbeb7d380     Options.max_write_buffer_size_to_maintain: 0
2022/05/23-03:27:48.268179 7f0dbeb7d380            Options.bottommost_compression_opts.window_bits: -14
2022/05/23-03:27:48.268182 7f0dbeb7d380                  Options.bottommost_compression_opts.level: 32767
2022/05/23-03:27:48.268184 7f0dbeb7d380               Options.bottommost_compression_opts.strategy: 0
2022/05/23-03:27:48.268186 7f0dbeb7d380         Options.bottommost_compression_opts.max_dict_bytes: 0
2022/05/23-03:27:48.268188 7f0dbeb7d380         Options.bottommost_compression_opts.zstd_max_train_bytes: 0
2022/05/23-03:27:48.268396 7f0dbeb7d380         Options.bottommost_compression_opts.parallel_threads: 1
2022/05/23-03:27:48.268401 7f0dbeb7d380                  Options.bottommost_compression_opts.enabled: false
2022/05/23-03:27:48.268404 7f0dbeb7d380            Options.compression_opts.window_bits: -14
2022/05/23-03:27:48.268406 7f0dbeb7d380                  Options.compression_opts.level: 32767
2022/05/23-03:27:48.268409 7f0dbeb7d380               Options.compression_opts.strategy: 0
2022/05/23-03:27:48.268411 7f0dbeb7d380         Options.compression_opts.max_dict_bytes: 0
2022/05/23-03:27:48.268413 7f0dbeb7d380         Options.compression_opts.zstd_max_train_bytes: 0
2022/05/23-03:27:48.268415 7f0dbeb7d380         Options.compression_opts.parallel_threads: 1
2022/05/23-03:27:48.268417 7f0dbeb7d380                  Options.compression_opts.enabled: false
2022/05/23-03:27:48.268420 7f0dbeb7d380      Options.level0_file_num_compaction_trigger: 4
2022/05/23-03:27:48.268422 7f0dbeb7d380          Options.level0_slowdown_writes_trigger: 20
2022/05/23-03:27:48.268424 7f0dbeb7d380              Options.level0_stop_writes_trigger: 36
2022/05/23-03:27:48.268426 7f0dbeb7d380                   Options.target_file_size_base: 67108864
2022/05/23-03:27:48.268428 7f0dbeb7d380             Options.target_file_size_multiplier: 1
2022/05/23-03:27:48.268430 7f0dbeb7d380                Options.max_bytes_for_level_base: 268435456
2022/05/23-03:27:48.268432 7f0dbeb7d380 Options.level_compaction_dynamic_level_bytes: 0
2022/05/23-03:27:48.268435 7f0dbeb7d380          Options.max_bytes_for_level_multiplier: 10.000000
2022/05/23-03:27:48.268440 7f0dbeb7d380 Options.max_bytes_for_level_multiplier_addtl[0]: 1
2022/05/23-03:27:48.268443 7f0dbeb7d380 Options.max_bytes_for_level_multiplier_addtl[1]: 1
2022/05/23-03:27:48.268445 7f0dbeb7d380 Options.max_bytes_for_level_multiplier_addtl[2]: 1
2022/05/23-03:27:48.268447 7f0dbeb7d380 Options.max_bytes_for_level_multiplier_addtl[3]: 1
2022/05/23-03:27:48.268450 7f0dbeb7d380 Options.max_bytes_for_level_multiplier_addtl[4]: 1
2022/05/23-03:27:48.268452 7f0dbeb7d380 Options.max_bytes_for_level_multiplier_addtl[5]: 1
2022/05/23-03:27:48.268455 7f0dbeb7d380 Options.max_bytes_for_level_multiplier_addtl[6]: 1
2022/05/23-03:27:48.268457 7f0dbeb7d380       Options.max_sequential_skip_in_iterations: 8
2022/05/23-03:27:48.268459 7f0dbeb7d380                    Options.max_compaction_bytes: 1677721600
2022/05/23-03:27:48.268462 7f0dbeb7d380                        Options.arena_block_size: 8388608
2022/05/23-03:27:48.268464 7f0dbeb7d380   Options.soft_pending_compaction_bytes_limit: 68719476736
2022/05/23-03:27:48.268466 7f0dbeb7d380   Options.hard_pending_compaction_bytes_limit: 274877906944
2022/05/23-03:27:48.268468 7f0dbeb7d380       Options.rate_limit_delay_max_milliseconds: 100
2022/05/23-03:27:48.268471 7f0dbeb7d380                Options.disable_auto_compactions: 0
2022/05/23-03:27:48.268474 7f0dbeb7d380                        Options.compaction_style: kCompactionStyleLevel
2022/05/23-03:27:48.268477 7f0dbeb7d380                          Options.compaction_pri: kMinOverlappingRatio
2022/05/23-03:27:48.268479 7f0dbeb7d380 Options.compaction_options_universal.size_ratio: 1
2022/05/23-03:27:48.268481 7f0dbeb7d380 Options.compaction_options_universal.min_merge_width: 2
2022/05/23-03:27:48.268483 7f0dbeb7d380 Options.compaction_options_universal.max_merge_width: 4294967295
2022/05/23-03:27:48.268485 7f0dbeb7d380 Options.compaction_options_universal.max_size_amplification_percent: 200
2022/05/23-03:27:48.268488 7f0dbeb7d380 Options.compaction_options_universal.compression_size_percent: -1
2022/05/23-03:27:48.268490 7f0dbeb7d380 Options.compaction_options_universal.stop_style: kCompactionStopStyleTotalSize
2022/05/23-03:27:48.268493 7f0dbeb7d380 Options.compaction_options_fifo.max_table_files_size: 1073741824
2022/05/23-03:27:48.268495 7f0dbeb7d380 Options.compaction_options_fifo.allow_compaction: 0
2022/05/23-03:27:48.268504 7f0dbeb7d380                   Options.table_properties_collectors: 
2022/05/23-03:27:48.268798 7f0dbeb7d380                   Options.inplace_update_support: 0
2022/05/23-03:27:48.268802 7f0dbeb7d380                 Options.inplace_update_num_locks: 10000
2022/05/23-03:27:48.268804 7f0dbeb7d380               Options.memtable_prefix_bloom_size_ratio: 0.000000
2022/05/23-03:27:48.268808 7f0dbeb7d380               Options.memtable_whole_key_filtering: 0
2022/05/23-03:27:48.268810 7f0dbeb7d380   Options.memtable_huge_page_size: 0
2022/05/23-03:27:48.268812 7f0dbeb7d380                           Options.bloom_locality: 0
2022/05/23-03:27:48.268814 7f0dbeb7d380                    Options.max_successive_merges: 0
2022/05/23-03:27:48.268816 7f0dbeb7d380                Options.optimize_filters_for_hits: 0
2022/05/23-03:27:48.268818 7f0dbeb7d380                Options.paranoid_file_checks: 0
2022/05/23-03:27:48.268820 7f0dbeb7d380                Options.force_consistency_checks: 1
2022/05/23-03:27:48.268822 7f0dbeb7d380                Options.report_bg_io_stats: 0
2022/05/23-03:27:48.268824 7f0dbeb7d380                               Options.ttl: 2592000
2022/05/23-03:27:48.268827 7f0dbeb7d380          Options.periodic_compaction_seconds: 0
2022/05/23-03:27:48.268829 7f0dbeb7d380                    Options.enable_blob_files: false
2022/05/23-03:27:48.268831 7f0dbeb7d380                        Options.min_blob_size: 0
2022/05/23-03:27:48.268833 7f0dbeb7d380                       Options.blob_file_size: 268435456
2022/05/23-03:27:48.268835 7f0dbeb7d380                Options.blob_compression_type: NoCompression
2022/05/23-03:27:48.268837 7f0dbeb7d380       Options.enable_blob_garbage_collection: false
2022/05/23-03:27:48.268839 7f0dbeb7d380   Options.blob_garbage_collection_age_cutoff: 0.250000
2022/05/23-03:27:48.314330 7f0dbeb7d380 [db/version_set.cc:4773] Recovered from manifest file:/var/lib/milvus/rdb_data_meta_kv/MANIFEST-000067 succeeded,manifest_file_number is 67, next_file_number is 69, last_sequence is 1716017, log_number is 63,prev_log_number is 0,max_column_family is 0,min_log_number_to_keep is 0
2022/05/23-03:27:48.314344 7f0dbeb7d380 [db/version_set.cc:4782] Column family [default] (ID 0), log number is 63
2022/05/23-03:27:48.315342 7f0dbeb7d380 [db/version_set.cc:4083] Creating manifest 71
2022/05/23-03:27:48.577661 7f0dbeb7d380 EVENT_LOG_v1 {"time_micros": 1653276468577651, "job": 1, "event": "recovery_started", "wal_files": [68]}
2022/05/23-03:27:48.577671 7f0dbeb7d380 [db/db_impl/db_impl_open.cc:847] Recovering log #68 mode 2
2022/05/23-03:27:51.921779 7f0dbeb7d380 EVENT_LOG_v1 {"time_micros": 1653276471921713, "cf_name": "default", "job": 1, "event": "table_file_creation", "file_number": 72, "file_size": 1124, "file_checksum": "", "file_checksum_func_name": "Unknown", "table_properties": {"data_size": 249, "index_size": 24, "index_partitions": 0, "top_level_index_size": 0, "index_key_is_user_key": 1, "index_value_is_delta_encoded": 1, "filter_size": 0, "raw_key_size": 326, "raw_average_key_size": 40, "raw_value_size": 57, "raw_average_value_size": 7, "num_data_blocks": 1, "num_entries": 8, "num_deletions": 0, "num_merge_operands": 0, "num_range_deletions": 0, "format_version": 0, "fixed_key_len": 0, "filter_policy": "", "column_family_name": "default", "column_family_id": 0, "comparator": "leveldb.BytewiseComparator", "merge_operator": "nullptr", "prefix_extractor_name": "nullptr", "property_collectors": "[]", "compression": "NoCompression", "compression_options": "window_bits=-14; level=32767; strategy=0; max_dict_bytes=0; zstd_max_train_bytes=0; enabled=0; ", "creation_time": 1653276471, "oldest_key_time": 0, "file_creation_time": 0, "db_id": "e1da2869-3518-40d2-b1cf-de5475b200b4", "db_session_id": "TGGXNJOF6YQLZ0KI2IPK"}}
2022/05/23-03:27:51.927238 7f0dbeb7d380 [db/version_set.cc:4083] Creating manifest 73
2022/05/23-03:27:52.088175 7f0dbeb7d380 EVENT_LOG_v1 {"time_micros": 1653276472088167, "job": 1, "event": "recovery_finished"}
2022/05/23-03:27:52.125595 7f0dbeb7d380 [file/delete_scheduler.cc:73] Deleted file /var/lib/milvus/rdb_data_meta_kv/000068.log immediately, rate_bytes_per_sec 0, total_trash_size 0 max_trash_db_ratio 0.250000
2022/05/23-03:27:52.295585 7f0dbeb7d380 [db/db_impl/db_impl_open.cc:1701] SstFileManager instance 0x4faac40
2022/05/23-03:27:52.295842 7f0dbeb7d380 DB pointer 0x4fad6d0
2022/05/23-03:27:52.296461 7f0d5f7fe700 [db/db_impl/db_impl.cc:902] ------- DUMPING STATS -------
2022/05/23-03:27:52.296507 7f0d5f7fe700 [db/db_impl/db_impl.cc:903] 
** DB Stats **
Uptime(secs): 4.0 total, 4.0 interval
Cumulative writes: 0 writes, 0 keys, 0 commit groups, 0.0 writes per commit group, ingest: 0.00 GB, 0.00 MB/s
Cumulative WAL: 0 writes, 0 syncs, 0.00 writes per sync, written: 0.00 GB, 0.00 MB/s
Cumulative stall: 00:00:0.000 H:M:S, 0.0 percent
Interval writes: 0 writes, 0 keys, 0 commit groups, 0.0 writes per commit group, ingest: 0.00 MB, 0.00 MB/s
Interval WAL: 0 writes, 0 syncs, 0.00 writes per sync, written: 0.00 MB, 0.00 MB/s
Interval stall: 00:00:0.000 H:M:S, 0.0 percent

** Compaction Stats [default] **
Level    Files   Size     Score Read(GB)  Rn(GB) Rnp1(GB) Write(GB) Wnew(GB) Moved(GB) W-Amp Rd(MB/s) Wr(MB/s) Comp(sec) CompMergeCPU(sec) Comp(cnt) Avg(sec) KeyIn KeyDrop
----------------------------------------------------------------------------------------------------------------------------------------------------------------------------
  L0      3/0    3.29 KB   0.8      0.0     0.0      0.0       0.0      0.0       0.0   1.0      0.0      0.0      0.21              0.00         1    0.214       0      0
  L1      1/0    1.36 KB   0.0      0.0     0.0      0.0       0.0      0.0       0.0   0.0      0.0      0.0      0.00              0.00         0    0.000       0      0
 Sum      4/0    4.65 KB   0.0      0.0     0.0      0.0       0.0      0.0       0.0   1.0      0.0      0.0      0.21              0.00         1    0.214       0      0
 Int      0/0    0.00 KB   0.0      0.0     0.0      0.0       0.0      0.0       0.0   1.0      0.0      0.0      0.21              0.00         1    0.214       0      0

** Compaction Stats [default] **
Priority    Files   Size     Score Read(GB)  Rn(GB) Rnp1(GB) Write(GB) Wnew(GB) Moved(GB) W-Amp Rd(MB/s) Wr(MB/s) Comp(sec) CompMergeCPU(sec) Comp(cnt) Avg(sec) KeyIn KeyDrop
-------------------------------------------------------------------------------------------------------------------------------------------------------------------------------
User      0/0    0.00 KB   0.0      0.0     0.0      0.0       0.0      0.0       0.0   0.0      0.0      0.0      0.21              0.00         1    0.214       0      0
Uptime(secs): 4.0 total, 4.0 interval
Flush(GB): cumulative 0.000, interval 0.000
AddFile(GB): cumulative 0.000, interval 0.000
AddFile(Total Files): cumulative 0, interval 0
AddFile(L0 Files): cumulative 0, interval 0
AddFile(Keys): cumulative 0, interval 0
Cumulative compaction: 0.00 GB write, 0.00 MB/s write, 0.00 GB read, 0.00 MB/s read, 0.2 seconds
Interval compaction: 0.00 GB write, 0.00 MB/s write, 0.00 GB read, 0.00 MB/s read, 0.2 seconds
Stalls(count): 0 level0_slowdown, 0 level0_slowdown_with_compaction, 0 level0_numfiles, 0 level0_numfiles_with_compaction, 0 stop for pending_compaction_bytes, 0 slowdown for pending_compaction_bytes, 0 memtable_compaction, 0 memtable_slowdown, interval 0 total count

** File Read Latency Histogram By Level [default] **

** Compaction Stats [default] **
Level    Files   Size     Score Read(GB)  Rn(GB) Rnp1(GB) Write(GB) Wnew(GB) Moved(GB) W-Amp Rd(MB/s) Wr(MB/s) Comp(sec) CompMergeCPU(sec) Comp(cnt) Avg(sec) KeyIn KeyDrop
----------------------------------------------------------------------------------------------------------------------------------------------------------------------------
  L0      3/0    3.29 KB   0.8      0.0     0.0      0.0       0.0      0.0       0.0   1.0      0.0      0.0      0.21              0.00         1    0.214       0      0
  L1      1/0    1.36 KB   0.0      0.0     0.0      0.0       0.0      0.0       0.0   0.0      0.0      0.0      0.00              0.00         0    0.000       0      0
 Sum      4/0    4.65 KB   0.0      0.0     0.0      0.0       0.0      0.0       0.0   1.0      0.0      0.0      0.21              0.00         1    0.214       0      0
 Int      0/0    0.00 KB   0.0      0.0     0.0      0.0       0.0      0.0       0.0   0.0      0.0      0.0      0.00              0.00         0    0.000       0      0

** Compaction Stats [default] **
Priority    Files   Size     Score Read(GB)  Rn(GB) Rnp1(GB) Write(GB) Wnew(GB) Moved(GB) W-Amp Rd(MB/s) Wr(MB/s) Comp(sec) CompMergeCPU(sec) Comp(cnt) Avg(sec) KeyIn KeyDrop
-------------------------------------------------------------------------------------------------------------------------------------------------------------------------------
User      0/0    0.00 KB   0.0      0.0     0.0      0.0       0.0      0.0       0.0   0.0      0.0      0.0      0.21              0.00         1    0.214       0      0
Uptime(secs): 4.0 total, 0.0 interval
Flush(GB): cumulative 0.000, interval 0.000
AddFile(GB): cumulative 0.000, interval 0.000
AddFile(Total Files): cumulative 0, interval 0
AddFile(L0 Files): cumulative 0, interval 0
AddFile(Keys): cumulative 0, interval 0
Cumulative compaction: 0.00 GB write, 0.00 MB/s write, 0.00 GB read, 0.00 MB/s read, 0.2 seconds
Interval compaction: 0.00 GB write, 0.00 MB/s write, 0.00 GB read, 0.00 MB/s read, 0.0 seconds
Stalls(count): 0 level0_slowdown, 0 level0_slowdown_with_compaction, 0 level0_numfiles, 0 level0_numfiles_with_compaction, 0 stop for pending_compaction_bytes, 0 slowdown for pending_compaction_bytes, 0 memtable_compaction, 0 memtable_slowdown, interval 0 total count

** File Read Latency Histogram By Level [default] **
2022/05/23-03:37:52.307449 7f0d5f7fe700 [db/db_impl/db_impl.cc:902] ------- DUMPING STATS -------
2022/05/23-03:37:52.332776 7f0d5f7fe700 [db/db_impl/db_impl.cc:903] 
** DB Stats **
Uptime(secs): 604.0 total, 600.0 interval
Cumulative writes: 23K writes, 23K keys, 22K commit groups, 1.0 writes per commit group, ingest: 0.00 GB, 0.00 MB/s
Cumulative WAL: 23K writes, 0 syncs, 23386.00 writes per sync, written: 0.00 GB, 0.00 MB/s
Cumulative stall: 00:00:0.000 H:M:S, 0.0 percent
Interval writes: 23K writes, 23K keys, 22K commit groups, 1.0 writes per commit group, ingest: 1.36 MB, 0.00 MB/s
Interval WAL: 23K writes, 0 syncs, 23386.00 writes per sync, written: 0.00 MB, 0.00 MB/s
Interval stall: 00:00:0.000 H:M:S, 0.0 percent

** Compaction Stats [default] **
Level    Files   Size     Score Read(GB)  Rn(GB) Rnp1(GB) Write(GB) Wnew(GB) Moved(GB) W-Amp Rd(MB/s) Wr(MB/s) Comp(sec) CompMergeCPU(sec) Comp(cnt) Avg(sec) KeyIn KeyDrop
----------------------------------------------------------------------------------------------------------------------------------------------------------------------------
  L0      3/0    3.29 KB   0.8      0.0     0.0      0.0       0.0      0.0       0.0   1.0      0.0      0.0      0.21              0.00         1    0.214       0      0
  L1      1/0    1.36 KB   0.0      0.0     0.0      0.0       0.0      0.0       0.0   0.0      0.0      0.0      0.00              0.00         0    0.000       0      0
 Sum      4/0    4.65 KB   0.0      0.0     0.0      0.0       0.0      0.0       0.0   1.0      0.0      0.0      0.21              0.00         1    0.214       0      0
 Int      0/0    0.00 KB   0.0      0.0     0.0      0.0       0.0      0.0       0.0   0.0      0.0      0.0      0.00              0.00         0    0.000       0      0

** Compaction Stats [default] **
Priority    Files   Size     Score Read(GB)  Rn(GB) Rnp1(GB) Write(GB) Wnew(GB) Moved(GB) W-Amp Rd(MB/s) Wr(MB/s) Comp(sec) CompMergeCPU(sec) Comp(cnt) Avg(sec) KeyIn KeyDrop
-------------------------------------------------------------------------------------------------------------------------------------------------------------------------------
User      0/0    0.00 KB   0.0      0.0     0.0      0.0       0.0      0.0       0.0   0.0      0.0      0.0      0.21              0.00         1    0.214       0      0
Uptime(secs): 604.0 total, 600.0 interval
Flush(GB): cumulative 0.000, interval 0.000
AddFile(GB): cumulative 0.000, interval 0.000
AddFile(Total Files): cumulative 0, interval 0
AddFile(L0 Files): cumulative 0, interval 0
AddFile(Keys): cumulative 0, interval 0
Cumulative compaction: 0.00 GB write, 0.00 MB/s write, 0.00 GB read, 0.00 MB/s read, 0.2 seconds
Interval compaction: 0.00 GB write, 0.00 MB/s write, 0.00 GB read, 0.00 MB/s read, 0.0 seconds
Stalls(count): 0 level0_slowdown, 0 level0_slowdown_with_compaction, 0 level0_numfiles, 0 level0_numfiles_with_compaction, 0 stop for pending_compaction_bytes, 0 slowdown for pending_compaction_bytes, 0 memtable_compaction, 0 memtable_slowdown, interval 0 total count

** File Read Latency Histogram By Level [default] **

** Compaction Stats [default] **
Level    Files   Size     Score Read(GB)  Rn(GB) Rnp1(GB) Write(GB) Wnew(GB) Moved(GB) W-Amp Rd(MB/s) Wr(MB/s) Comp(sec) CompMergeCPU(sec) Comp(cnt) Avg(sec) KeyIn KeyDrop
----------------------------------------------------------------------------------------------------------------------------------------------------------------------------
  L0      3/0    3.29 KB   0.8      0.0     0.0      0.0       0.0      0.0       0.0   1.0      0.0      0.0      0.21              0.00         1    0.214       0      0
  L1      1/0    1.36 KB   0.0      0.0     0.0      0.0       0.0      0.0       0.0   0.0      0.0      0.0      0.00              0.00         0    0.000       0      0
 Sum      4/0    4.65 KB   0.0      0.0     0.0      0.0       0.0      0.0       0.0   1.0      0.0      0.0      0.21              0.00         1    0.214       0      0
 Int      0/0    0.00 KB   0.0      0.0     0.0      0.0       0.0      0.0       0.0   0.0      0.0      0.0      0.00              0.00         0    0.000       0      0

** Compaction Stats [default] **
Priority    Files   Size     Score Read(GB)  Rn(GB) Rnp1(GB) Write(GB) Wnew(GB) Moved(GB) W-Amp Rd(MB/s) Wr(MB/s) Comp(sec) CompMergeCPU(sec) Comp(cnt) Avg(sec) KeyIn KeyDrop
-------------------------------------------------------------------------------------------------------------------------------------------------------------------------------
User      0/0    0.00 KB   0.0      0.0     0.0      0.0       0.0      0.0       0.0   0.0      0.0      0.0      0.21              0.00         1    0.214       0      0
Uptime(secs): 604.0 total, 0.0 interval
Flush(GB): cumulative 0.000, interval 0.000
AddFile(GB): cumulative 0.000, interval 0.000
AddFile(Total Files): cumulative 0, interval 0
AddFile(L0 Files): cumulative 0, interval 0
AddFile(Keys): cumulative 0, interval 0
Cumulative compaction: 0.00 GB write, 0.00 MB/s write, 0.00 GB read, 0.00 MB/s read, 0.2 seconds
Interval compaction: 0.00 GB write, 0.00 MB/s write, 0.00 GB read, 0.00 MB/s read, 0.0 seconds
Stalls(count): 0 level0_slowdown, 0 level0_slowdown_with_compaction, 0 level0_numfiles, 0 level0_numfiles_with_compaction, 0 stop for pending_compaction_bytes, 0 slowdown for pending_compaction_bytes, 0 memtable_compaction, 0 memtable_slowdown, interval 0 total count

** File Read Latency Histogram By Level [default] **
2022/05/23-03:47:52.339467 7f0d5f7fe700 [db/db_impl/db_impl.cc:902] ------- DUMPING STATS -------
2022/05/23-03:47:52.355866 7f0d5f7fe700 [db/db_impl/db_impl.cc:903] 
** DB Stats **
Uptime(secs): 1204.1 total, 600.0 interval
Cumulative writes: 44K writes, 44K keys, 43K commit groups, 1.0 writes per commit group, ingest: 0.00 GB, 0.00 MB/s
Cumulative WAL: 44K writes, 0 syncs, 44378.00 writes per sync, written: 0.00 GB, 0.00 MB/s
Cumulative stall: 00:00:0.000 H:M:S, 0.0 percent
Interval writes: 20K writes, 20K keys, 20K commit groups, 1.0 writes per commit group, ingest: 1.22 MB, 0.00 MB/s
Interval WAL: 20K writes, 0 syncs, 20992.00 writes per sync, written: 0.00 MB, 0.00 MB/s
Interval stall: 00:00:0.000 H:M:S, 0.0 percent

** Compaction Stats [default] **
Level    Files   Size     Score Read(GB)  Rn(GB) Rnp1(GB) Write(GB) Wnew(GB) Moved(GB) W-Amp Rd(MB/s) Wr(MB/s) Comp(sec) CompMergeCPU(sec) Comp(cnt) Avg(sec) KeyIn KeyDrop
----------------------------------------------------------------------------------------------------------------------------------------------------------------------------
  L0      3/0    3.29 KB   0.8      0.0     0.0      0.0       0.0      0.0       0.0   1.0      0.0      0.0      0.21              0.00         1    0.214       0      0
  L1      1/0    1.36 KB   0.0      0.0     0.0      0.0       0.0      0.0       0.0   0.0      0.0      0.0      0.00              0.00         0    0.000       0      0
 Sum      4/0    4.65 KB   0.0      0.0     0.0      0.0       0.0      0.0       0.0   1.0      0.0      0.0      0.21              0.00         1    0.214       0      0
 Int      0/0    0.00 KB   0.0      0.0     0.0      0.0       0.0      0.0       0.0   0.0      0.0      0.0      0.00              0.00         0    0.000       0      0

** Compaction Stats [default] **
Priority    Files   Size     Score Read(GB)  Rn(GB) Rnp1(GB) Write(GB) Wnew(GB) Moved(GB) W-Amp Rd(MB/s) Wr(MB/s) Comp(sec) CompMergeCPU(sec) Comp(cnt) Avg(sec) KeyIn KeyDrop
-------------------------------------------------------------------------------------------------------------------------------------------------------------------------------
User      0/0    0.00 KB   0.0      0.0     0.0      0.0       0.0      0.0       0.0   0.0      0.0      0.0      0.21              0.00         1    0.214       0      0
Uptime(secs): 1204.1 total, 600.0 interval
Flush(GB): cumulative 0.000, interval 0.000
AddFile(GB): cumulative 0.000, interval 0.000
AddFile(Total Files): cumulative 0, interval 0
AddFile(L0 Files): cumulative 0, interval 0
AddFile(Keys): cumulative 0, interval 0
Cumulative compaction: 0.00 GB write, 0.00 MB/s write, 0.00 GB read, 0.00 MB/s read, 0.2 seconds
Interval compaction: 0.00 GB write, 0.00 MB/s write, 0.00 GB read, 0.00 MB/s read, 0.0 seconds
Stalls(count): 0 level0_slowdown, 0 level0_slowdown_with_compaction, 0 level0_numfiles, 0 level0_numfiles_with_compaction, 0 stop for pending_compaction_bytes, 0 slowdown for pending_compaction_bytes, 0 memtable_compaction, 0 memtable_slowdown, interval 0 total count

** File Read Latency Histogram By Level [default] **

** Compaction Stats [default] **
Level    Files   Size     Score Read(GB)  Rn(GB) Rnp1(GB) Write(GB) Wnew(GB) Moved(GB) W-Amp Rd(MB/s) Wr(MB/s) Comp(sec) CompMergeCPU(sec) Comp(cnt) Avg(sec) KeyIn KeyDrop
----------------------------------------------------------------------------------------------------------------------------------------------------------------------------
  L0      3/0    3.29 KB   0.8      0.0     0.0      0.0       0.0      0.0       0.0   1.0      0.0      0.0      0.21              0.00         1    0.214       0      0
  L1      1/0    1.36 KB   0.0      0.0     0.0      0.0       0.0      0.0       0.0   0.0      0.0      0.0      0.00              0.00         0    0.000       0      0
 Sum      4/0    4.65 KB   0.0      0.0     0.0      0.0       0.0      0.0       0.0   1.0      0.0      0.0      0.21              0.00         1    0.214       0      0
 Int      0/0    0.00 KB   0.0      0.0     0.0      0.0       0.0      0.0       0.0   0.0      0.0      0.0      0.00              0.00         0    0.000       0      0

** Compaction Stats [default] **
Priority    Files   Size     Score Read(GB)  Rn(GB) Rnp1(GB) Write(GB) Wnew(GB) Moved(GB) W-Amp Rd(MB/s) Wr(MB/s) Comp(sec) CompMergeCPU(sec) Comp(cnt) Avg(sec) KeyIn KeyDrop
-------------------------------------------------------------------------------------------------------------------------------------------------------------------------------
User      0/0    0.00 KB   0.0      0.0     0.0      0.0       0.0      0.0       0.0   0.0      0.0      0.0      0.21              0.00         1    0.214       0      0
Uptime(secs): 1204.1 total, 0.0 interval
Flush(GB): cumulative 0.000, interval 0.000
AddFile(GB): cumulative 0.000, interval 0.000
AddFile(Total Files): cumulative 0, interval 0
AddFile(L0 Files): cumulative 0, interval 0
AddFile(Keys): cumulative 0, interval 0
Cumulative compaction: 0.00 GB write, 0.00 MB/s write, 0.00 GB read, 0.00 MB/s read, 0.2 seconds
Interval compaction: 0.00 GB write, 0.00 MB/s write, 0.00 GB read, 0.00 MB/s read, 0.0 seconds
Stalls(count): 0 level0_slowdown, 0 level0_slowdown_with_compaction, 0 level0_numfiles, 0 level0_numfiles_with_compaction, 0 stop for pending_compaction_bytes, 0 slowdown for pending_compaction_bytes, 0 memtable_compaction, 0 memtable_slowdown, interval 0 total count

** File Read Latency Histogram By Level [default] **
2022/05/23-03:57:52.356403 7f0d5f7fe700 [db/db_impl/db_impl.cc:902] ------- DUMPING STATS -------
2022/05/23-03:57:52.430474 7f0d5f7fe700 [db/db_impl/db_impl.cc:903] 
** DB Stats **
Uptime(secs): 1804.1 total, 600.0 interval
Cumulative writes: 65K writes, 65K keys, 63K commit groups, 1.0 writes per commit group, ingest: 0.00 GB, 0.00 MB/s
Cumulative WAL: 65K writes, 0 syncs, 65362.00 writes per sync, written: 0.00 GB, 0.00 MB/s
Cumulative stall: 00:00:0.000 H:M:S, 0.0 percent
Interval writes: 20K writes, 20K keys, 20K commit groups, 1.0 writes per commit group, ingest: 1.22 MB, 0.00 MB/s
Interval WAL: 20K writes, 0 syncs, 20984.00 writes per sync, written: 0.00 MB, 0.00 MB/s
Interval stall: 00:00:0.000 H:M:S, 0.0 percent

** Compaction Stats [default] **
Level    Files   Size     Score Read(GB)  Rn(GB) Rnp1(GB) Write(GB) Wnew(GB) Moved(GB) W-Amp Rd(MB/s) Wr(MB/s) Comp(sec) CompMergeCPU(sec) Comp(cnt) Avg(sec) KeyIn KeyDrop
----------------------------------------------------------------------------------------------------------------------------------------------------------------------------
  L0      3/0    3.29 KB   0.8      0.0     0.0      0.0       0.0      0.0       0.0   1.0      0.0      0.0      0.21              0.00         1    0.214       0      0
  L1      1/0    1.36 KB   0.0      0.0     0.0      0.0       0.0      0.0       0.0   0.0      0.0      0.0      0.00              0.00         0    0.000       0      0
 Sum      4/0    4.65 KB   0.0      0.0     0.0      0.0       0.0      0.0       0.0   1.0      0.0      0.0      0.21              0.00         1    0.214       0      0
 Int      0/0    0.00 KB   0.0      0.0     0.0      0.0       0.0      0.0       0.0   0.0      0.0      0.0      0.00              0.00         0    0.000       0      0

** Compaction Stats [default] **
Priority    Files   Size     Score Read(GB)  Rn(GB) Rnp1(GB) Write(GB) Wnew(GB) Moved(GB) W-Amp Rd(MB/s) Wr(MB/s) Comp(sec) CompMergeCPU(sec) Comp(cnt) Avg(sec) KeyIn KeyDrop
-------------------------------------------------------------------------------------------------------------------------------------------------------------------------------
User      0/0    0.00 KB   0.0      0.0     0.0      0.0       0.0      0.0       0.0   0.0      0.0      0.0      0.21              0.00         1    0.214       0      0
Uptime(secs): 1804.1 total, 600.0 interval
Flush(GB): cumulative 0.000, interval 0.000
AddFile(GB): cumulative 0.000, interval 0.000
AddFile(Total Files): cumulative 0, interval 0
AddFile(L0 Files): cumulative 0, interval 0
AddFile(Keys): cumulative 0, interval 0
