2022/05/21-02:57:13.133916 7f5ece13a380 RocksDB version: 6.15.2
2022/05/21-02:57:13.135421 7f5ece13a380 Git sha rocksdb_build_git_sha:@0@
2022/05/21-02:57:13.135429 7f5ece13a380 Compile date Apr  2 2022
2022/05/21-02:57:13.135536 7f5ece13a380 DB SUMMARY
2022/05/21-02:57:13.135540 7f5ece13a380 DB Session ID:  RZ9B81XRV4QEQ9ZF193W
2022/05/21-02:57:13.139209 7f5ece13a380 CURRENT file:  CURRENT
2022/05/21-02:57:13.139215 7f5ece13a380 IDENTITY file:  IDENTITY
2022/05/21-02:57:13.139928 7f5ece13a380 MANIFEST file:  MANIFEST-000061 size: 285 Bytes
2022/05/21-02:57:13.139935 7f5ece13a380 SST files in /var/lib/milvus/rdb_data_meta_kv dir, Total Num: 2, files: 000057.sst 000060.sst 
2022/05/21-02:57:13.139939 7f5ece13a380 Write Ahead Log file in /var/lib/milvus/rdb_data_meta_kv: 000062.log size: 57432418 ; 
2022/05/21-02:57:13.139943 7f5ece13a380                         Options.error_if_exists: 0
2022/05/21-02:57:13.139945 7f5ece13a380                       Options.create_if_missing: 1
2022/05/21-02:57:13.139948 7f5ece13a380                         Options.paranoid_checks: 1
2022/05/21-02:57:13.139950 7f5ece13a380                               Options.track_and_verify_wals_in_manifest: 0
2022/05/21-02:57:13.139953 7f5ece13a380                                     Options.env: 0x480f820
2022/05/21-02:57:13.139955 7f5ece13a380                                      Options.fs: Posix File System
2022/05/21-02:57:13.139958 7f5ece13a380                                Options.info_log: 0x4cdd120
2022/05/21-02:57:13.139960 7f5ece13a380                Options.max_file_opening_threads: 16
2022/05/21-02:57:13.139962 7f5ece13a380                              Options.statistics: (nil)
2022/05/21-02:57:13.139964 7f5ece13a380                               Options.use_fsync: 0
2022/05/21-02:57:13.139966 7f5ece13a380                       Options.max_log_file_size: 0
2022/05/21-02:57:13.139968 7f5ece13a380                  Options.max_manifest_file_size: 1073741824
2022/05/21-02:57:13.139970 7f5ece13a380                   Options.log_file_time_to_roll: 0
2022/05/21-02:57:13.139972 7f5ece13a380                       Options.keep_log_file_num: 1000
2022/05/21-02:57:13.139974 7f5ece13a380                    Options.recycle_log_file_num: 0
2022/05/21-02:57:13.139976 7f5ece13a380                         Options.allow_fallocate: 1
2022/05/21-02:57:13.139978 7f5ece13a380                        Options.allow_mmap_reads: 0
2022/05/21-02:57:13.139980 7f5ece13a380                       Options.allow_mmap_writes: 0
2022/05/21-02:57:13.139982 7f5ece13a380                        Options.use_direct_reads: 0
2022/05/21-02:57:13.139984 7f5ece13a380                        Options.use_direct_io_for_flush_and_compaction: 0
2022/05/21-02:57:13.139986 7f5ece13a380          Options.create_missing_column_families: 0
2022/05/21-02:57:13.139988 7f5ece13a380                              Options.db_log_dir: 
2022/05/21-02:57:13.139990 7f5ece13a380                                 Options.wal_dir: /var/lib/milvus/rdb_data_meta_kv
2022/05/21-02:57:13.139992 7f5ece13a380                Options.table_cache_numshardbits: 6
2022/05/21-02:57:13.139994 7f5ece13a380                         Options.WAL_ttl_seconds: 0
2022/05/21-02:57:13.139996 7f5ece13a380                       Options.WAL_size_limit_MB: 0
2022/05/21-02:57:13.139998 7f5ece13a380                        Options.max_write_batch_group_size_bytes: 1048576
2022/05/21-02:57:13.140000 7f5ece13a380             Options.manifest_preallocation_size: 4194304
2022/05/21-02:57:13.140002 7f5ece13a380                     Options.is_fd_close_on_exec: 1
2022/05/21-02:57:13.140004 7f5ece13a380                   Options.advise_random_on_open: 1
2022/05/21-02:57:13.140006 7f5ece13a380                    Options.db_write_buffer_size: 0
2022/05/21-02:57:13.140008 7f5ece13a380                    Options.write_buffer_manager: 0x4ce5b80
2022/05/21-02:57:13.140013 7f5ece13a380         Options.access_hint_on_compaction_start: 1
2022/05/21-02:57:13.140016 7f5ece13a380  Options.new_table_reader_for_compaction_inputs: 0
2022/05/21-02:57:13.140018 7f5ece13a380           Options.random_access_max_buffer_size: 1048576
2022/05/21-02:57:13.166058 7f5ece13a380                      Options.use_adaptive_mutex: 0
2022/05/21-02:57:13.166071 7f5ece13a380                            Options.rate_limiter: (nil)
2022/05/21-02:57:13.166085 7f5ece13a380     Options.sst_file_manager.rate_bytes_per_sec: 0
2022/05/21-02:57:13.166088 7f5ece13a380                       Options.wal_recovery_mode: 2
2022/05/21-02:57:13.166090 7f5ece13a380                  Options.enable_thread_tracking: 0
2022/05/21-02:57:13.166092 7f5ece13a380                  Options.enable_pipelined_write: 0
2022/05/21-02:57:13.166094 7f5ece13a380                  Options.unordered_write: 0
2022/05/21-02:57:13.166097 7f5ece13a380         Options.allow_concurrent_memtable_write: 1
2022/05/21-02:57:13.166120 7f5ece13a380      Options.enable_write_thread_adaptive_yield: 1
2022/05/21-02:57:13.166123 7f5ece13a380             Options.write_thread_max_yield_usec: 100
2022/05/21-02:57:13.166125 7f5ece13a380            Options.write_thread_slow_yield_usec: 3
2022/05/21-02:57:13.166128 7f5ece13a380                               Options.row_cache: None
2022/05/21-02:57:13.166130 7f5ece13a380                              Options.wal_filter: None
2022/05/21-02:57:13.166132 7f5ece13a380             Options.avoid_flush_during_recovery: 0
2022/05/21-02:57:13.166135 7f5ece13a380             Options.allow_ingest_behind: 0
2022/05/21-02:57:13.166137 7f5ece13a380             Options.preserve_deletes: 0
2022/05/21-02:57:13.166139 7f5ece13a380             Options.two_write_queues: 0
2022/05/21-02:57:13.166159 7f5ece13a380             Options.manual_wal_flush: 0
2022/05/21-02:57:13.166161 7f5ece13a380             Options.atomic_flush: 0
2022/05/21-02:57:13.166164 7f5ece13a380             Options.avoid_unnecessary_blocking_io: 0
2022/05/21-02:57:13.166166 7f5ece13a380                 Options.persist_stats_to_disk: 0
2022/05/21-02:57:13.166168 7f5ece13a380                 Options.write_dbid_to_manifest: 0
2022/05/21-02:57:13.166170 7f5ece13a380                 Options.log_readahead_size: 0
2022/05/21-02:57:13.166172 7f5ece13a380                 Options.file_checksum_gen_factory: Unknown
2022/05/21-02:57:13.166175 7f5ece13a380                 Options.best_efforts_recovery: 0
2022/05/21-02:57:13.166177 7f5ece13a380                Options.max_bgerror_resume_count: 2147483647
2022/05/21-02:57:13.166179 7f5ece13a380            Options.bgerror_resume_retry_interval: 1000000
2022/05/21-02:57:13.166182 7f5ece13a380             Options.allow_data_in_errors: 0
2022/05/21-02:57:13.166184 7f5ece13a380             Options.db_host_id: __hostname__
2022/05/21-02:57:13.166186 7f5ece13a380             Options.max_background_jobs: 1
2022/05/21-02:57:13.166189 7f5ece13a380             Options.max_background_compactions: -1
2022/05/21-02:57:13.166191 7f5ece13a380             Options.max_subcompactions: 1
2022/05/21-02:57:13.166193 7f5ece13a380             Options.avoid_flush_during_shutdown: 0
2022/05/21-02:57:13.166195 7f5ece13a380           Options.writable_file_max_buffer_size: 1048576
2022/05/21-02:57:13.166198 7f5ece13a380             Options.delayed_write_rate : 16777216
2022/05/21-02:57:13.166200 7f5ece13a380             Options.max_total_wal_size: 0
2022/05/21-02:57:13.166202 7f5ece13a380             Options.delete_obsolete_files_period_micros: 21600000000
2022/05/21-02:57:13.166204 7f5ece13a380                   Options.stats_dump_period_sec: 600
2022/05/21-02:57:13.166207 7f5ece13a380                 Options.stats_persist_period_sec: 600
2022/05/21-02:57:13.166209 7f5ece13a380                 Options.stats_history_buffer_size: 1048576
2022/05/21-02:57:13.166211 7f5ece13a380                          Options.max_open_files: -1
2022/05/21-02:57:13.166213 7f5ece13a380                          Options.bytes_per_sync: 0
2022/05/21-02:57:13.166215 7f5ece13a380                      Options.wal_bytes_per_sync: 0
2022/05/21-02:57:13.166218 7f5ece13a380                   Options.strict_bytes_per_sync: 0
2022/05/21-02:57:13.166220 7f5ece13a380       Options.compaction_readahead_size: 0
2022/05/21-02:57:13.166222 7f5ece13a380                  Options.max_background_flushes: 1
2022/05/21-02:57:13.166453 7f5ece13a380 Compression algorithms supported:
2022/05/21-02:57:13.166477 7f5ece13a380 	kZSTDNotFinalCompression supported: 0
2022/05/21-02:57:13.166511 7f5ece13a380 	kZSTD supported: 0
2022/05/21-02:57:13.166532 7f5ece13a380 	kXpressCompression supported: 0
2022/05/21-02:57:13.166551 7f5ece13a380 	kLZ4HCCompression supported: 0
2022/05/21-02:57:13.166554 7f5ece13a380 	kLZ4Compression supported: 0
2022/05/21-02:57:13.166556 7f5ece13a380 	kBZip2Compression supported: 0
2022/05/21-02:57:13.166559 7f5ece13a380 	kZlibCompression supported: 0
2022/05/21-02:57:13.166561 7f5ece13a380 	kSnappyCompression supported: 0
2022/05/21-02:57:13.166584 7f5ece13a380 Fast CRC32 supported: Supported on x86
2022/05/21-02:57:13.183158 7f5ece13a380 [db/version_set.cc:4725] Recovering from manifest file: /var/lib/milvus/rdb_data_meta_kv/MANIFEST-000061
2022/05/21-02:57:13.197827 7f5ece13a380 [db/column_family.cc:597] --------------- Options for column family [default]:
2022/05/21-02:57:13.197837 7f5ece13a380               Options.comparator: leveldb.BytewiseComparator
2022/05/21-02:57:13.197840 7f5ece13a380           Options.merge_operator: None
2022/05/21-02:57:13.197842 7f5ece13a380        Options.compaction_filter: None
2022/05/21-02:57:13.197844 7f5ece13a380        Options.compaction_filter_factory: None
2022/05/21-02:57:13.197846 7f5ece13a380  Options.sst_partitioner_factory: None
2022/05/21-02:57:13.197849 7f5ece13a380         Options.memtable_factory: SkipListFactory
2022/05/21-02:57:13.197851 7f5ece13a380            Options.table_factory: BlockBasedTable
2022/05/21-02:57:13.198403 7f5ece13a380            table_factory options:   flush_block_policy_factory: FlushBlockBySizePolicyFactory (0x4ce67f0)
  cache_index_and_filter_blocks: 0
  cache_index_and_filter_blocks_with_high_priority: 1
  pin_l0_filter_and_index_blocks_in_cache: 0
  pin_top_level_index_and_filter: 1
  index_type: 0
  data_block_index_type: 0
  index_shortening: 1
  data_block_hash_table_util_ratio: 0.750000
  hash_index_allow_collision: 1
  checksum: 1
  no_block_cache: 0
  block_cache: 0x4cdd3e0
  block_cache_name: LRUCache
  block_cache_options:
    capacity : 1073741824
    num_shard_bits : 6
    strict_capacity_limit : 0
    memory_allocator : None
    high_pri_pool_ratio: 0.500
  block_cache_compressed: (nil)
  persistent_cache: (nil)
  block_size: 4096
  block_size_deviation: 10
  block_restart_interval: 16
  index_block_restart_interval: 1
  metadata_block_size: 4096
  partition_filters: 0
  use_delta_encoding: 1
  filter_policy: nullptr
  whole_key_filtering: 1
  verify_compression: 0
  read_amp_bytes_per_bit: 0
  format_version: 4
  enable_index_compression: 1
  block_align: 0
2022/05/21-02:57:13.198416 7f5ece13a380        Options.write_buffer_size: 67108864
2022/05/21-02:57:13.198419 7f5ece13a380  Options.max_write_buffer_number: 2
2022/05/21-02:57:13.198422 7f5ece13a380          Options.compression: NoCompression
2022/05/21-02:57:13.198425 7f5ece13a380                  Options.bottommost_compression: Disabled
2022/05/21-02:57:13.198427 7f5ece13a380       Options.prefix_extractor: nullptr
2022/05/21-02:57:13.198430 7f5ece13a380   Options.memtable_insert_with_hint_prefix_extractor: nullptr
2022/05/21-02:57:13.198432 7f5ece13a380             Options.num_levels: 7
2022/05/21-02:57:13.198434 7f5ece13a380        Options.min_write_buffer_number_to_merge: 1
2022/05/21-02:57:13.198436 7f5ece13a380     Options.max_write_buffer_number_to_maintain: 0
2022/05/21-02:57:13.198439 7f5ece13a380     Options.max_write_buffer_size_to_maintain: 0
2022/05/21-02:57:13.198441 7f5ece13a380            Options.bottommost_compression_opts.window_bits: -14
2022/05/21-02:57:13.198443 7f5ece13a380                  Options.bottommost_compression_opts.level: 32767
2022/05/21-02:57:13.198445 7f5ece13a380               Options.bottommost_compression_opts.strategy: 0
2022/05/21-02:57:13.198448 7f5ece13a380         Options.bottommost_compression_opts.max_dict_bytes: 0
2022/05/21-02:57:13.198450 7f5ece13a380         Options.bottommost_compression_opts.zstd_max_train_bytes: 0
2022/05/21-02:57:13.200476 7f5ece13a380         Options.bottommost_compression_opts.parallel_threads: 1
2022/05/21-02:57:13.200490 7f5ece13a380                  Options.bottommost_compression_opts.enabled: false
2022/05/21-02:57:13.200493 7f5ece13a380            Options.compression_opts.window_bits: -14
2022/05/21-02:57:13.200495 7f5ece13a380                  Options.compression_opts.level: 32767
2022/05/21-02:57:13.200497 7f5ece13a380               Options.compression_opts.strategy: 0
2022/05/21-02:57:13.200499 7f5ece13a380         Options.compression_opts.max_dict_bytes: 0
2022/05/21-02:57:13.200501 7f5ece13a380         Options.compression_opts.zstd_max_train_bytes: 0
2022/05/21-02:57:13.200503 7f5ece13a380         Options.compression_opts.parallel_threads: 1
2022/05/21-02:57:13.200505 7f5ece13a380                  Options.compression_opts.enabled: false
2022/05/21-02:57:13.200507 7f5ece13a380      Options.level0_file_num_compaction_trigger: 4
2022/05/21-02:57:13.200509 7f5ece13a380          Options.level0_slowdown_writes_trigger: 20
2022/05/21-02:57:13.200511 7f5ece13a380              Options.level0_stop_writes_trigger: 36
2022/05/21-02:57:13.200513 7f5ece13a380                   Options.target_file_size_base: 67108864
2022/05/21-02:57:13.200516 7f5ece13a380             Options.target_file_size_multiplier: 1
2022/05/21-02:57:13.200517 7f5ece13a380                Options.max_bytes_for_level_base: 268435456
2022/05/21-02:57:13.200519 7f5ece13a380 Options.level_compaction_dynamic_level_bytes: 0
2022/05/21-02:57:13.200522 7f5ece13a380          Options.max_bytes_for_level_multiplier: 10.000000
2022/05/21-02:57:13.200530 7f5ece13a380 Options.max_bytes_for_level_multiplier_addtl[0]: 1
2022/05/21-02:57:13.200532 7f5ece13a380 Options.max_bytes_for_level_multiplier_addtl[1]: 1
2022/05/21-02:57:13.200534 7f5ece13a380 Options.max_bytes_for_level_multiplier_addtl[2]: 1
2022/05/21-02:57:13.200536 7f5ece13a380 Options.max_bytes_for_level_multiplier_addtl[3]: 1
2022/05/21-02:57:13.200538 7f5ece13a380 Options.max_bytes_for_level_multiplier_addtl[4]: 1
2022/05/21-02:57:13.200541 7f5ece13a380 Options.max_bytes_for_level_multiplier_addtl[5]: 1
2022/05/21-02:57:13.200543 7f5ece13a380 Options.max_bytes_for_level_multiplier_addtl[6]: 1
2022/05/21-02:57:13.200545 7f5ece13a380       Options.max_sequential_skip_in_iterations: 8
2022/05/21-02:57:13.200547 7f5ece13a380                    Options.max_compaction_bytes: 1677721600
2022/05/21-02:57:13.200549 7f5ece13a380                        Options.arena_block_size: 8388608
2022/05/21-02:57:13.200551 7f5ece13a380   Options.soft_pending_compaction_bytes_limit: 68719476736
2022/05/21-02:57:13.200553 7f5ece13a380   Options.hard_pending_compaction_bytes_limit: 274877906944
2022/05/21-02:57:13.200555 7f5ece13a380       Options.rate_limit_delay_max_milliseconds: 100
2022/05/21-02:57:13.200557 7f5ece13a380                Options.disable_auto_compactions: 0
2022/05/21-02:57:13.200564 7f5ece13a380                        Options.compaction_style: kCompactionStyleLevel
2022/05/21-02:57:13.200567 7f5ece13a380                          Options.compaction_pri: kMinOverlappingRatio
2022/05/21-02:57:13.200569 7f5ece13a380 Options.compaction_options_universal.size_ratio: 1
2022/05/21-02:57:13.200571 7f5ece13a380 Options.compaction_options_universal.min_merge_width: 2
2022/05/21-02:57:13.200573 7f5ece13a380 Options.compaction_options_universal.max_merge_width: 4294967295
2022/05/21-02:57:13.200575 7f5ece13a380 Options.compaction_options_universal.max_size_amplification_percent: 200
2022/05/21-02:57:13.200577 7f5ece13a380 Options.compaction_options_universal.compression_size_percent: -1
2022/05/21-02:57:13.200580 7f5ece13a380 Options.compaction_options_universal.stop_style: kCompactionStopStyleTotalSize
2022/05/21-02:57:13.200582 7f5ece13a380 Options.compaction_options_fifo.max_table_files_size: 1073741824
2022/05/21-02:57:13.200587 7f5ece13a380 Options.compaction_options_fifo.allow_compaction: 0
2022/05/21-02:57:13.200598 7f5ece13a380                   Options.table_properties_collectors: 
2022/05/21-02:57:13.200896 7f5ece13a380                   Options.inplace_update_support: 0
2022/05/21-02:57:13.200902 7f5ece13a380                 Options.inplace_update_num_locks: 10000
2022/05/21-02:57:13.200904 7f5ece13a380               Options.memtable_prefix_bloom_size_ratio: 0.000000
2022/05/21-02:57:13.200909 7f5ece13a380               Options.memtable_whole_key_filtering: 0
2022/05/21-02:57:13.200911 7f5ece13a380   Options.memtable_huge_page_size: 0
2022/05/21-02:57:13.200913 7f5ece13a380                           Options.bloom_locality: 0
2022/05/21-02:57:13.200916 7f5ece13a380                    Options.max_successive_merges: 0
2022/05/21-02:57:13.200918 7f5ece13a380                Options.optimize_filters_for_hits: 0
2022/05/21-02:57:13.200920 7f5ece13a380                Options.paranoid_file_checks: 0
2022/05/21-02:57:13.200922 7f5ece13a380                Options.force_consistency_checks: 1
2022/05/21-02:57:13.200925 7f5ece13a380                Options.report_bg_io_stats: 0
2022/05/21-02:57:13.200927 7f5ece13a380                               Options.ttl: 2592000
2022/05/21-02:57:13.200929 7f5ece13a380          Options.periodic_compaction_seconds: 0
2022/05/21-02:57:13.200931 7f5ece13a380                    Options.enable_blob_files: false
2022/05/21-02:57:13.200934 7f5ece13a380                        Options.min_blob_size: 0
2022/05/21-02:57:13.200936 7f5ece13a380                       Options.blob_file_size: 268435456
2022/05/21-02:57:13.200939 7f5ece13a380                Options.blob_compression_type: NoCompression
2022/05/21-02:57:13.200941 7f5ece13a380       Options.enable_blob_garbage_collection: false
2022/05/21-02:57:13.200944 7f5ece13a380   Options.blob_garbage_collection_age_cutoff: 0.250000
2022/05/21-02:57:13.232708 7f5ece13a380 [db/version_set.cc:4773] Recovered from manifest file:/var/lib/milvus/rdb_data_meta_kv/MANIFEST-000061 succeeded,manifest_file_number is 61, next_file_number is 63, last_sequence is 865013, log_number is 55,prev_log_number is 0,max_column_family is 0,min_log_number_to_keep is 0
2022/05/21-02:57:13.232723 7f5ece13a380 [db/version_set.cc:4782] Column family [default] (ID 0), log number is 55
2022/05/21-02:57:13.249738 7f5ece13a380 [db/version_set.cc:4083] Creating manifest 65
2022/05/21-02:57:13.480149 7f5ece13a380 EVENT_LOG_v1 {"time_micros": 1653101833480139, "job": 1, "event": "recovery_started", "wal_files": [62]}
2022/05/21-02:57:13.480159 7f5ece13a380 [db/db_impl/db_impl_open.cc:847] Recovering log #62 mode 2
2022/05/21-02:57:16.991402 7f5ece13a380 EVENT_LOG_v1 {"time_micros": 1653101836991358, "cf_name": "default", "job": 1, "event": "table_file_creation", "file_number": 66, "file_size": 1124, "file_checksum": "", "file_checksum_func_name": "Unknown", "table_properties": {"data_size": 249, "index_size": 24, "index_partitions": 0, "top_level_index_size": 0, "index_key_is_user_key": 1, "index_value_is_delta_encoded": 1, "filter_size": 0, "raw_key_size": 326, "raw_average_key_size": 40, "raw_value_size": 57, "raw_average_value_size": 7, "num_data_blocks": 1, "num_entries": 8, "num_deletions": 0, "num_merge_operands": 0, "num_range_deletions": 0, "format_version": 0, "fixed_key_len": 0, "filter_policy": "", "column_family_name": "default", "column_family_id": 0, "comparator": "leveldb.BytewiseComparator", "merge_operator": "nullptr", "prefix_extractor_name": "nullptr", "property_collectors": "[]", "compression": "NoCompression", "compression_options": "window_bits=-14; level=32767; strategy=0; max_dict_bytes=0; zstd_max_train_bytes=0; enabled=0; ", "creation_time": 1653101836, "oldest_key_time": 0, "file_creation_time": 0, "db_id": "e1da2869-3518-40d2-b1cf-de5475b200b4", "db_session_id": "RZ9B81XRV4QEQ9ZF193W"}}
2022/05/21-02:57:16.996337 7f5ece13a380 [db/version_set.cc:4083] Creating manifest 67
2022/05/21-02:57:17.168750 7f5ece13a380 EVENT_LOG_v1 {"time_micros": 1653101837168743, "job": 1, "event": "recovery_finished"}
2022/05/21-02:57:17.209321 7f5ece13a380 [file/delete_scheduler.cc:73] Deleted file /var/lib/milvus/rdb_data_meta_kv/000062.log immediately, rate_bytes_per_sec 0, total_trash_size 0 max_trash_db_ratio 0.250000
2022/05/21-02:57:17.398581 7f5ece13a380 [db/db_impl/db_impl_open.cc:1701] SstFileManager instance 0x4ce4f60
2022/05/21-02:57:17.398890 7f5ece13a380 DB pointer 0x4ce6900
2022/05/21-02:57:17.407086 7f5e6affd700 [db/db_impl/db_impl.cc:902] ------- DUMPING STATS -------
2022/05/21-02:57:17.407130 7f5e6affd700 [db/db_impl/db_impl.cc:903] 
** DB Stats **
Uptime(secs): 4.2 total, 4.2 interval
Cumulative writes: 0 writes, 0 keys, 0 commit groups, 0.0 writes per commit group, ingest: 0.00 GB, 0.00 MB/s
Cumulative WAL: 0 writes, 0 syncs, 0.00 writes per sync, written: 0.00 GB, 0.00 MB/s
Cumulative stall: 00:00:0.000 H:M:S, 0.0 percent
Interval writes: 0 writes, 0 keys, 0 commit groups, 0.0 writes per commit group, ingest: 0.00 MB, 0.00 MB/s
Interval WAL: 0 writes, 0 syncs, 0.00 writes per sync, written: 0.00 MB, 0.00 MB/s
Interval stall: 00:00:0.000 H:M:S, 0.0 percent

** Compaction Stats [default] **
Level    Files   Size     Score Read(GB)  Rn(GB) Rnp1(GB) Write(GB) Wnew(GB) Moved(GB) W-Amp Rd(MB/s) Wr(MB/s) Comp(sec) CompMergeCPU(sec) Comp(cnt) Avg(sec) KeyIn KeyDrop
----------------------------------------------------------------------------------------------------------------------------------------------------------------------------
  L0      2/0    2.20 KB   0.5      0.0     0.0      0.0       0.0      0.0       0.0   1.0      0.0      0.0      0.23              0.00         1    0.235       0      0
  L1      1/0    1.36 KB   0.0      0.0     0.0      0.0       0.0      0.0       0.0   0.0      0.0      0.0      0.00              0.00         0    0.000       0      0
 Sum      3/0    3.56 KB   0.0      0.0     0.0      0.0       0.0      0.0       0.0   1.0      0.0      0.0      0.23              0.00         1    0.235       0      0
 Int      0/0    0.00 KB   0.0      0.0     0.0      0.0       0.0      0.0       0.0   1.0      0.0      0.0      0.23              0.00         1    0.235       0      0

** Compaction Stats [default] **
Priority    Files   Size     Score Read(GB)  Rn(GB) Rnp1(GB) Write(GB) Wnew(GB) Moved(GB) W-Amp Rd(MB/s) Wr(MB/s) Comp(sec) CompMergeCPU(sec) Comp(cnt) Avg(sec) KeyIn KeyDrop
-------------------------------------------------------------------------------------------------------------------------------------------------------------------------------
User      0/0    0.00 KB   0.0      0.0     0.0      0.0       0.0      0.0       0.0   0.0      0.0      0.0      0.23              0.00         1    0.235       0      0
Uptime(secs): 4.2 total, 4.2 interval
Flush(GB): cumulative 0.000, interval 0.000
AddFile(GB): cumulative 0.000, interval 0.000
AddFile(Total Files): cumulative 0, interval 0
AddFile(L0 Files): cumulative 0, interval 0
AddFile(Keys): cumulative 0, interval 0
Cumulative compaction: 0.00 GB write, 0.00 MB/s write, 0.00 GB read, 0.00 MB/s read, 0.2 seconds
Interval compaction: 0.00 GB write, 0.00 MB/s write, 0.00 GB read, 0.00 MB/s read, 0.2 seconds
Stalls(count): 0 level0_slowdown, 0 level0_slowdown_with_compaction, 0 level0_numfiles, 0 level0_numfiles_with_compaction, 0 stop for pending_compaction_bytes, 0 slowdown for pending_compaction_bytes, 0 memtable_compaction, 0 memtable_slowdown, interval 0 total count

** File Read Latency Histogram By Level [default] **

** Compaction Stats [default] **
Level    Files   Size     Score Read(GB)  Rn(GB) Rnp1(GB) Write(GB) Wnew(GB) Moved(GB) W-Amp Rd(MB/s) Wr(MB/s) Comp(sec) CompMergeCPU(sec) Comp(cnt) Avg(sec) KeyIn KeyDrop
----------------------------------------------------------------------------------------------------------------------------------------------------------------------------
  L0      2/0    2.20 KB   0.5      0.0     0.0      0.0       0.0      0.0       0.0   1.0      0.0      0.0      0.23              0.00         1    0.235       0      0
  L1      1/0    1.36 KB   0.0      0.0     0.0      0.0       0.0      0.0       0.0   0.0      0.0      0.0      0.00              0.00         0    0.000       0      0
 Sum      3/0    3.56 KB   0.0      0.0     0.0      0.0       0.0      0.0       0.0   1.0      0.0      0.0      0.23              0.00         1    0.235       0      0
 Int      0/0    0.00 KB   0.0      0.0     0.0      0.0       0.0      0.0       0.0   0.0      0.0      0.0      0.00              0.00         0    0.000       0      0

** Compaction Stats [default] **
Priority    Files   Size     Score Read(GB)  Rn(GB) Rnp1(GB) Write(GB) Wnew(GB) Moved(GB) W-Amp Rd(MB/s) Wr(MB/s) Comp(sec) CompMergeCPU(sec) Comp(cnt) Avg(sec) KeyIn KeyDrop
-------------------------------------------------------------------------------------------------------------------------------------------------------------------------------
User      0/0    0.00 KB   0.0      0.0     0.0      0.0       0.0      0.0       0.0   0.0      0.0      0.0      0.23              0.00         1    0.235       0      0
Uptime(secs): 4.2 total, 0.0 interval
Flush(GB): cumulative 0.000, interval 0.000
AddFile(GB): cumulative 0.000, interval 0.000
AddFile(Total Files): cumulative 0, interval 0
AddFile(L0 Files): cumulative 0, interval 0
AddFile(Keys): cumulative 0, interval 0
Cumulative compaction: 0.00 GB write, 0.00 MB/s write, 0.00 GB read, 0.00 MB/s read, 0.2 seconds
Interval compaction: 0.00 GB write, 0.00 MB/s write, 0.00 GB read, 0.00 MB/s read, 0.0 seconds
Stalls(count): 0 level0_slowdown, 0 level0_slowdown_with_compaction, 0 level0_numfiles, 0 level0_numfiles_with_compaction, 0 stop for pending_compaction_bytes, 0 slowdown for pending_compaction_bytes, 0 memtable_compaction, 0 memtable_slowdown, interval 0 total count

** File Read Latency Histogram By Level [default] **
2022/05/21-03:07:17.479512 7f5e6affd700 [db/db_impl/db_impl.cc:902] ------- DUMPING STATS -------
2022/05/21-03:07:17.503212 7f5e6affd700 [db/db_impl/db_impl.cc:903] 
** DB Stats **
Uptime(secs): 604.3 total, 600.1 interval
Cumulative writes: 24K writes, 24K keys, 23K commit groups, 1.0 writes per commit group, ingest: 0.00 GB, 0.00 MB/s
Cumulative WAL: 24K writes, 0 syncs, 24733.00 writes per sync, written: 0.00 GB, 0.00 MB/s
Cumulative stall: 00:00:0.000 H:M:S, 0.0 percent
Interval writes: 24K writes, 24K keys, 23K commit groups, 1.0 writes per commit group, ingest: 1.43 MB, 0.00 MB/s
Interval WAL: 24K writes, 0 syncs, 24733.00 writes per sync, written: 0.00 MB, 0.00 MB/s
Interval stall: 00:00:0.000 H:M:S, 0.0 percent

** Compaction Stats [default] **
Level    Files   Size     Score Read(GB)  Rn(GB) Rnp1(GB) Write(GB) Wnew(GB) Moved(GB) W-Amp Rd(MB/s) Wr(MB/s) Comp(sec) CompMergeCPU(sec) Comp(cnt) Avg(sec) KeyIn KeyDrop
----------------------------------------------------------------------------------------------------------------------------------------------------------------------------
  L0      2/0    2.20 KB   0.5      0.0     0.0      0.0       0.0      0.0       0.0   1.0      0.0      0.0      0.23              0.00         1    0.235       0      0
  L1      1/0    1.36 KB   0.0      0.0     0.0      0.0       0.0      0.0       0.0   0.0      0.0      0.0      0.00              0.00         0    0.000       0      0
 Sum      3/0    3.56 KB   0.0      0.0     0.0      0.0       0.0      0.0       0.0   1.0      0.0      0.0      0.23              0.00         1    0.235       0      0
 Int      0/0    0.00 KB   0.0      0.0     0.0      0.0       0.0      0.0       0.0   0.0      0.0      0.0      0.00              0.00         0    0.000       0      0

** Compaction Stats [default] **
Priority    Files   Size     Score Read(GB)  Rn(GB) Rnp1(GB) Write(GB) Wnew(GB) Moved(GB) W-Amp Rd(MB/s) Wr(MB/s) Comp(sec) CompMergeCPU(sec) Comp(cnt) Avg(sec) KeyIn KeyDrop
-------------------------------------------------------------------------------------------------------------------------------------------------------------------------------
User      0/0    0.00 KB   0.0      0.0     0.0      0.0       0.0      0.0       0.0   0.0      0.0      0.0      0.23              0.00         1    0.235       0      0
Uptime(secs): 604.3 total, 600.1 interval
Flush(GB): cumulative 0.000, interval 0.000
AddFile(GB): cumulative 0.000, interval 0.000
AddFile(Total Files): cumulative 0, interval 0
AddFile(L0 Files): cumulative 0, interval 0
AddFile(Keys): cumulative 0, interval 0
Cumulative compaction: 0.00 GB write, 0.00 MB/s write, 0.00 GB read, 0.00 MB/s read, 0.2 seconds
Interval compaction: 0.00 GB write, 0.00 MB/s write, 0.00 GB read, 0.00 MB/s read, 0.0 seconds
Stalls(count): 0 level0_slowdown, 0 level0_slowdown_with_compaction, 0 level0_numfiles, 0 level0_numfiles_with_compaction, 0 stop for pending_compaction_bytes, 0 slowdown for pending_compaction_bytes, 0 memtable_compaction, 0 memtable_slowdown, interval 0 total count

** File Read Latency Histogram By Level [default] **

** Compaction Stats [default] **
Level    Files   Size     Score Read(GB)  Rn(GB) Rnp1(GB) Write(GB) Wnew(GB) Moved(GB) W-Amp Rd(MB/s) Wr(MB/s) Comp(sec) CompMergeCPU(sec) Comp(cnt) Avg(sec) KeyIn KeyDrop
----------------------------------------------------------------------------------------------------------------------------------------------------------------------------
  L0      2/0    2.20 KB   0.5      0.0     0.0      0.0       0.0      0.0       0.0   1.0      0.0      0.0      0.23              0.00         1    0.235       0      0
  L1      1/0    1.36 KB   0.0      0.0     0.0      0.0       0.0      0.0       0.0   0.0      0.0      0.0      0.00              0.00         0    0.000       0      0
 Sum      3/0    3.56 KB   0.0      0.0     0.0      0.0       0.0      0.0       0.0   1.0      0.0      0.0      0.23              0.00         1    0.235       0      0
 Int      0/0    0.00 KB   0.0      0.0     0.0      0.0       0.0      0.0       0.0   0.0      0.0      0.0      0.00              0.00         0    0.000       0      0

** Compaction Stats [default] **
Priority    Files   Size     Score Read(GB)  Rn(GB) Rnp1(GB) Write(GB) Wnew(GB) Moved(GB) W-Amp Rd(MB/s) Wr(MB/s) Comp(sec) CompMergeCPU(sec) Comp(cnt) Avg(sec) KeyIn KeyDrop
-------------------------------------------------------------------------------------------------------------------------------------------------------------------------------
User      0/0    0.00 KB   0.0      0.0     0.0      0.0       0.0      0.0       0.0   0.0      0.0      0.0      0.23              0.00         1    0.235       0      0
Uptime(secs): 604.3 total, 0.0 interval
Flush(GB): cumulative 0.000, interval 0.000
AddFile(GB): cumulative 0.000, interval 0.000
AddFile(Total Files): cumulative 0, interval 0
AddFile(L0 Files): cumulative 0, interval 0
AddFile(Keys): cumulative 0, interval 0
Cumulative compaction: 0.00 GB write, 0.00 MB/s write, 0.00 GB read, 0.00 MB/s read, 0.2 seconds
Interval compaction: 0.00 GB write, 0.00 MB/s write, 0.00 GB read, 0.00 MB/s read, 0.0 seconds
Stalls(count): 0 level0_slowdown, 0 level0_slowdown_with_compaction, 0 level0_numfiles, 0 level0_numfiles_with_compaction, 0 stop for pending_compaction_bytes, 0 slowdown for pending_compaction_bytes, 0 memtable_compaction, 0 memtable_slowdown, interval 0 total count

** File Read Latency Histogram By Level [default] **
2022/05/21-03:17:17.513119 7f5e6affd700 [db/db_impl/db_impl.cc:902] ------- DUMPING STATS -------
2022/05/21-03:17:17.554676 7f5e6affd700 [db/db_impl/db_impl.cc:903] 
** DB Stats **
Uptime(secs): 1204.3 total, 600.0 interval
Cumulative writes: 45K writes, 45K keys, 44K commit groups, 1.0 writes per commit group, ingest: 0.00 GB, 0.00 MB/s
Cumulative WAL: 45K writes, 0 syncs, 45730.00 writes per sync, written: 0.00 GB, 0.00 MB/s
Cumulative stall: 00:00:0.000 H:M:S, 0.0 percent
Interval writes: 20K writes, 20K keys, 20K commit groups, 1.0 writes per commit group, ingest: 1.22 MB, 0.00 MB/s
Interval WAL: 20K writes, 0 syncs, 20997.00 writes per sync, written: 0.00 MB, 0.00 MB/s
Interval stall: 00:00:0.000 H:M:S, 0.0 percent

** Compaction Stats [default] **
Level    Files   Size     Score Read(GB)  Rn(GB) Rnp1(GB) Write(GB) Wnew(GB) Moved(GB) W-Amp Rd(MB/s) Wr(MB/s) Comp(sec) CompMergeCPU(sec) Comp(cnt) Avg(sec) KeyIn KeyDrop
----------------------------------------------------------------------------------------------------------------------------------------------------------------------------
  L0      2/0    2.20 KB   0.5      0.0     0.0      0.0       0.0      0.0       0.0   1.0      0.0      0.0      0.23              0.00         1    0.235       0      0
  L1      1/0    1.36 KB   0.0      0.0     0.0      0.0       0.0      0.0       0.0   0.0      0.0      0.0      0.00              0.00         0    0.000       0      0
 Sum      3/0    3.56 KB   0.0      0.0     0.0      0.0       0.0      0.0       0.0   1.0      0.0      0.0      0.23              0.00         1    0.235       0      0
 Int      0/0    0.00 KB   0.0      0.0     0.0      0.0       0.0      0.0       0.0   0.0      0.0      0.0      0.00              0.00         0    0.000       0      0

** Compaction Stats [default] **
Priority    Files   Size     Score Read(GB)  Rn(GB) Rnp1(GB) Write(GB) Wnew(GB) Moved(GB) W-Amp Rd(MB/s) Wr(MB/s) Comp(sec) CompMergeCPU(sec) Comp(cnt) Avg(sec) KeyIn KeyDrop
-------------------------------------------------------------------------------------------------------------------------------------------------------------------------------
User      0/0    0.00 KB   0.0      0.0     0.0      0.0       0.0      0.0       0.0   0.0      0.0      0.0      0.23              0.00         1    0.235       0      0
Uptime(secs): 1204.3 total, 600.0 interval
Flush(GB): cumulative 0.000, interval 0.000
AddFile(GB): cumulative 0.000, interval 0.000
AddFile(Total Files): cumulative 0, interval 0
AddFile(L0 Files): cumulative 0, interval 0
AddFile(Keys): cumulative 0, interval 0
Cumulative compaction: 0.00 GB write, 0.00 MB/s write, 0.00 GB read, 0.00 MB/s read, 0.2 seconds
Interval compaction: 0.00 GB write, 0.00 MB/s write, 0.00 GB read, 0.00 MB/s read, 0.0 seconds
Stalls(count): 0 level0_slowdown, 0 level0_slowdown_with_compaction, 0 level0_numfiles, 0 level0_numfiles_with_compaction, 0 stop for pending_compaction_bytes, 0 slowdown for pending_compaction_bytes, 0 memtable_compaction, 0 memtable_slowdown, interval 0 total count

** File Read Latency Histogram By Level [default] **

** Compaction Stats [default] **
Level    Files   Size     Score Read(GB)  Rn(GB) Rnp1(GB) Write(GB) Wnew(GB) Moved(GB) W-Amp Rd(MB/s) Wr(MB/s) Comp(sec) CompMergeCPU(sec) Comp(cnt) Avg(sec) KeyIn KeyDrop
----------------------------------------------------------------------------------------------------------------------------------------------------------------------------
  L0      2/0    2.20 KB   0.5      0.0     0.0      0.0       0.0      0.0       0.0   1.0      0.0      0.0      0.23              0.00         1    0.235       0      0
  L1      1/0    1.36 KB   0.0      0.0     0.0      0.0       0.0      0.0       0.0   0.0      0.0      0.0      0.00              0.00         0    0.000       0      0
 Sum      3/0    3.56 KB   0.0      0.0     0.0      0.0       0.0      0.0       0.0   1.0      0.0      0.0      0.23              0.00         1    0.235       0      0
 Int      0/0    0.00 KB   0.0      0.0     0.0      0.0       0.0      0.0       0.0   0.0      0.0      0.0      0.00              0.00         0    0.000       0      0

** Compaction Stats [default] **
Priority    Files   Size     Score Read(GB)  Rn(GB) Rnp1(GB) Write(GB) Wnew(GB) Moved(GB) W-Amp Rd(MB/s) Wr(MB/s) Comp(sec) CompMergeCPU(sec) Comp(cnt) Avg(sec) KeyIn KeyDrop
-------------------------------------------------------------------------------------------------------------------------------------------------------------------------------
User      0/0    0.00 KB   0.0      0.0     0.0      0.0       0.0      0.0       0.0   0.0      0.0      0.0      0.23              0.00         1    0.235       0      0
Uptime(secs): 1204.3 total, 0.0 interval
Flush(GB): cumulative 0.000, interval 0.000
AddFile(GB): cumulative 0.000, interval 0.000
AddFile(Total Files): cumulative 0, interval 0
AddFile(L0 Files): cumulative 0, interval 0
AddFile(Keys): cumulative 0, interval 0
Cumulative compaction: 0.00 GB write, 0.00 MB/s write, 0.00 GB read, 0.00 MB/s read, 0.2 seconds
Interval compaction: 0.00 GB write, 0.00 MB/s write, 0.00 GB read, 0.00 MB/s read, 0.0 seconds
Stalls(count): 0 level0_slowdown, 0 level0_slowdown_with_compaction, 0 level0_numfiles, 0 level0_numfiles_with_compaction, 0 stop for pending_compaction_bytes, 0 slowdown for pending_compaction_bytes, 0 memtable_compaction, 0 memtable_slowdown, interval 0 total count

** File Read Latency Histogram By Level [default] **
2022/05/21-03:27:17.647501 7f5e6affd700 [db/db_impl/db_impl.cc:902] ------- DUMPING STATS -------
2022/05/21-03:27:17.780393 7f5e6affd700 [db/db_impl/db_impl.cc:903] 
** DB Stats **
Uptime(secs): 1804.4 total, 600.1 interval
Cumulative writes: 66K writes, 66K keys, 64K commit groups, 1.0 writes per commit group, ingest: 0.00 GB, 0.00 MB/s
Cumulative WAL: 66K writes, 0 syncs, 66663.00 writes per sync, written: 0.00 GB, 0.00 MB/s
Cumulative stall: 00:00:0.000 H:M:S, 0.0 percent
Interval writes: 20K writes, 20K keys, 20K commit groups, 1.0 writes per commit group, ingest: 1.22 MB, 0.00 MB/s
Interval WAL: 20K writes, 0 syncs, 20933.00 writes per sync, written: 0.00 MB, 0.00 MB/s
Interval stall: 00:00:0.000 H:M:S, 0.0 percent

** Compaction Stats [default] **
Level    Files   Size     Score Read(GB)  Rn(GB) Rnp1(GB) Write(GB) Wnew(GB) Moved(GB) W-Amp Rd(MB/s) Wr(MB/s) Comp(sec) CompMergeCPU(sec) Comp(cnt) Avg(sec) KeyIn KeyDrop
----------------------------------------------------------------------------------------------------------------------------------------------------------------------------
  L0      2/0    2.20 KB   0.5      0.0     0.0      0.0       0.0      0.0       0.0   1.0      0.0      0.0      0.23              0.00         1    0.235       0      0
  L1      1/0    1.36 KB   0.0      0.0     0.0      0.0       0.0      0.0       0.0   0.0      0.0      0.0      0.00              0.00         0    0.000       0      0
 Sum      3/0    3.56 KB   0.0      0.0     0.0      0.0       0.0      0.0       0.0   1.0      0.0      0.0      0.23              0.00         1    0.235       0      0
 Int      0/0    0.00 KB   0.0      0.0     0.0      0.0       0.0      0.0       0.0   0.0      0.0      0.0      0.00              0.00         0    0.000       0      0

** Compaction Stats [default] **
Priority    Files   Size     Score Read(GB)  Rn(GB) Rnp1(GB) Write(GB) Wnew(GB) Moved(GB) W-Amp Rd(MB/s) Wr(MB/s) Comp(sec) CompMergeCPU(sec) Comp(cnt) Avg(sec) KeyIn KeyDrop
-------------------------------------------------------------------------------------------------------------------------------------------------------------------------------
User      0/0    0.00 KB   0.0      0.0     0.0      0.0       0.0      0.0       0.0   0.0      0.0      0.0      0.23              0.00         1    0.235       0      0
Uptime(secs): 1804.4 total, 600.1 interval
Flush(GB): cumulative 0.000, interval 0.000
AddFile(GB): cumulative 0.000, interval 0.000
AddFile(Total Files): cumulative 0, interval 0
AddFile(L0 Files): cumulative 0, interval 0
AddFile(Keys): cumulative 0, interval 0
